,Index test,Prediction,Output 0,Output 1
0,4.0,0.0,0.2070460319519043,-0.15903933346271515
1,6.0,1.0,-0.14790195226669312,-0.06936638802289963
2,19.0,1.0,-1.0600370168685913,-0.1564212441444397
3,20.0,1.0,-1.8806328773498535,-0.2347395122051239
4,24.0,1.0,-0.7723920345306396,-0.12896817922592163
5,36.0,1.0,-0.8910820484161377,-0.1457182914018631
6,55.0,1.0,-0.9551719427108765,-0.14641283452510834
7,65.0,1.0,-2.181579351425171,-0.26346203684806824
8,76.0,1.0,-1.6635916233062744,-0.21402493119239807
